20110111 AUH1 0.982 0.975
20110111 AUM1 0.94 0.94
20110111 BRF1 97.81 93.8
20110111 BRG1 97.37 93.5
20110111 BRH1 97.15 94.21
20110111 CBF1 936.0 936.0
20110111 CHH1 55129.0 51868.0
20110111 CPF1 1147.0 1110.0
20110111 CPG1 1123.0 1110.0
20110111 CUH1 291750.0 288450.0
20110111 DSF1 20800.0 20748.0
20110111 EDH1 1.3261 1.2903
20110111 EuH1 40770.0 39675.0
20110111 EuM1 40200.0 40105.0
20110111 GDH1 1407.0 1375.6
20110111 GDM1 1408.0 1380.0
20110111 GMH1 72982.0 70401.0
20110111 GMM1 72000.0 71800.0
20110111 GUH1 1.563 1.55
20110111 GUM1 1.555 1.555
20110111 GZH1 19655.0 19326.0
20110111 GZM1 19700.0 19589.0
20110111 HYH1 16799.0 16553.0
20110111 HYM1 16850.0 16850.0
20110111 LKH1 18111.0 17550.0
20110111 LKM1 18148.0 17900.0
20110111 MPM1 5.8 5.5
20110111 MTH1 26597.0 26100.0
20110111 MTM1 26077.0 25800.0
20110111 NKH1 31901.0 31900.0
20110111 PDH1 785.0 779.4
20110111 PTH1 1770.1 1751.0
20110111 RIH1 180870.0 177325.0
20110111 RIM1 180600.0 177250.0
20110111 RNH1 22740.0 21956.0
20110111 RSH1 11697.0 11466.0
20110111 RcH1 481.25 391.25
20110111 RoH1 222.75 177.95
20110111 SAH1 22.14 20.65
20110111 SNH1 35270.0 32445.0
20110111 SNM1 34400.0 34400.0
20110111 SPH1 7699.0 7569.0
20110111 SRH1 10672.0 10349.0
20110111 SRM1 10595.0 10405.0
20110111 SUK1 32.07 32.07
20110111 SVH1 30.46 29.1
20110111 SVM1 29.68 29.24
20110111 SiH1 30845.0 30663.0
20110111 SiM1 31125.0 30936.0
20110111 SiU1 31420.0 31370.0
20110111 SiU5 38000.0 37607.0
20110111 TNH1 39898.0 37761.0
20110111 TTH1 15570.0 15050.0
20110111 UPF1 1120.0 1094.0
20110111 UPG1 1104.0 1099.0
20110111 VBH1 10449.0 10111.0
20110111 VBM1 10400.0 10400.0
20110112 AUH1 0.9883 0.9806
20110112 AUM1 0.98 0.9799
20110112 BRF1 98.85 97.31
20110112 BRG1 98.13 96.82
20110112 BRH1 98.04 96.86
20110112 CBF1 923.0 910.0
20110112 CHH1 58000.0 55288.0
20110112 CPF1 1122.0 1105.0
20110112 CPG1 1119.0 1107.0
20110112 CUH1 293600.0 291500.0
20110112 DSF1 21182.0 20985.0
20110112 EDH1 1.3139 1.2956
20110112 EDM1 1.3584 1.2985
20110112 EuH1 39813.0 39479.0
20110112 EuM1 39995.0 39888.0
20110112 GDH1 1392.0 1379.9
20110112 GDM1 1394.6 1383.0
20110112 GMH1 75724.0 72640.0
20110112 GMM1 73002.0 73002.0
20110112 GUH1 1.5767 1.5592
20110112 GZH1 20299.0 19570.0
20110112 GZM1 20100.0 19900.0
20110112 HYH1 17316.0 16673.0
20110112 LKH1 18809.0 17976.0
20110112 LKM1 18757.0 18107.0
20110112 MPM1 5.4 5.0
20110112 MTH1 26400.0 25978.0
20110112 MTM1 26000.0 26000.0
20110112 PDH1 815.6 795.05
20110112 PTH1 1808.0 1773.0
20110112 RIH1 188500.0 180660.0
20110112 RIM1 188320.0 180500.0
20110112 RNH1 23483.0 22536.0
20110112 RNM1 23589.0 22988.0
20110112 RSH1 12068.0 11649.0
20110112 RSM1 11790.0 11790.0
20110112 RoH1 214.0 210.0
20110112 SAH1 22.24 20.64
20110112 SNH1 36399.0 34610.0
20110112 SPH1 7809.0 7653.0
20110112 SPM1 7909.0 7700.0
20110112 SRH1 10835.0 10489.0
20110112 SRM1 10870.0 10550.0
20110112 SVH1 29.84 29.37
20110112 SVM1 29.89 29.55
20110112 SiH1 30671.0 30232.0
20110112 SiM1 30910.0 30615.0
20110112 SiU1 31055.0 31055.0
20110112 SiZ1 31625.0 31425.0
20110112 TNH1 41319.0 39969.0
20110112 TTH1 15844.0 15690.0
20110112 UPF1 1098.0 1050.0
20110112 UPG1 1090.0 1088.0
20110112 VBH1 10950.0 10396.0
20110112 VBM1 10943.0 10108.0
20110113 AUH1 0.9945 0.9865
20110113 AUM1 0.96 0.95
20110113 BRF1 98.66 97.34
20110113 BRG1 97.89 96.47
20110113 BRH1 97.6 96.6
20110113 CBF1 922.0 919.0
20110113 CHH1 58333.0 56289.0
20110113 CPF1 1129.0 1113.0
20110113 CPG1 1130.0 1112.0
20110113 CUH1 291000.0 287700.0
20110113 DSF1 21500.0 21168.0
20110113 EDH1 1.3377 1.3084
20110113 EDM1 1.3341 1.3112
20110113 EuH1 40300.0 39570.0
20110113 EuM1 40575.0 40560.0
20110113 GDH1 1395.9 1373.0
20110113 GDM1 1398.3 1377.8
20110113 GMH1 75269.0 73677.0
20110113 GUH1 1.587 1.5727
20110113 GUM1 1.595 1.458
20110113 GZH1 20430.0 19760.0
20110113 GZM1 20556.0 20005.0
20110113 HYH1 17279.0 16605.0
20110113 LKH1 19238.0 18610.0
20110113 LKM1 19255.0 18718.0
20110113 MPM1 5.5 5.5
20110113 MTH1 26108.0 25913.0
20110113 NKH1 32519.0 32519.0
20110113 PDH1 813.0 807.9
20110113 PTH1 1829.0 1796.0
20110113 PTM1 1798.0 1798.0
20110113 RIH1 189235.0 185925.0
20110113 RIM1 188800.0 185100.0
20110113 RNH1 23652.0 23161.0
20110113 RSH1 12088.0 11900.0
20110113 RSM1 12185.0 12135.5
20110113 SAH1 21.49 20.63
20110113 SNH1 36150.0 35100.0
20110113 SNM1 35000.0 35000.0
20110113 SPH1 7830.0 7644.0
20110113 SPM1 7836.0 7836.0
20110113 SRH1 10978.0 10701.0
20110113 SRM1 10962.0 10758.0
20110113 SVH1 29.74 28.57
20110113 SVM1 29.61 28.81
20110113 SiH1 30299.0 30107.0
20110113 SiM1 30585.0 30430.0
20110113 SiZ1 31320.0 31320.0
20110113 TNH1 41300.0 40050.0
20110113 TNM1 38214.0 38000.0
20110113 TTH1 15650.0 15650.0
20110113 UPF1 1090.0 1084.0
20110113 UPG1 1078.0 1051.0
20110113 VBH1 11014.0 10765.0
20110113 VBM1 11000.0 10875.0
20110114 AUH1 0.9914 0.9792
20110114 BRF1 99.11 97.72
20110114 BRG1 98.6 96.82
20110114 BRH1 98.35 97.0
20110114 CBF1 929.0 929.0
20110114 CHH1 57557.0 56337.0
20110114 CPF1 1136.0 1120.0
20110114 CPG1 1116.0 1113.0
20110114 CUH1 292100.0 286250.0
20110114 DSF1 21450.0 21195.0
20110114 EDH1 1.345 1.331
20110114 EDM1 1.3422 1.3341
20110114 EuH1 40448.0 40200.0
20110114 EuM1 40610.0 40600.0
20110114 GDH1 1379.3 1357.1
20110114 GDM1 1381.6 1361.7
20110114 GMH1 74543.0 72917.0
20110114 GUH1 1.5881 1.5809
20110114 GZH1 20008.0 19542.0
20110114 GZM1 19887.0 19800.0
20110114 HYH1 16850.0 16600.0
20110114 LKH1 19163.0 18815.0
20110114 LKM1 19095.0 19070.0
20110114 MPM1 5.5 5.5
20110114 MTH1 25976.0 25756.0
20110114 MTM1 25700.0 25700.0
20110114 NKH1 33299.0 33299.0
20110114 PDH1 806.75 794.1
20110114 PTH1 1820.0 1808.0
20110114 RIH1 188700.0 185445.0
20110114 RIM1 187750.0 185000.0
20110114 RNH1 23697.0 23010.0
20110114 RNM1 23424.0 23424.0
20110114 RSH1 12015.5 11839.0
20110114 RSM1 11880.0 11850.0
20110114 SAH1 21.4 20.17
20110114 SNH1 35851.0 34869.0
20110114 SNM1 35250.0 34900.0
20110114 SPH1 7710.0 7585.0
20110114 SPM1 7708.0 7708.0
20110114 SRH1 10900.0 10735.0
20110114 SRM1 10943.0 10794.0
20110114 SUH1 33.0 32.38
20110114 SVH1 28.87 28.1
20110114 SVM1 28.95 28.37
20110114 SiH1 30224.0 30065.0
20110114 SiH2 31483.0 31383.0
20110114 SiM1 30499.0 30355.0
20110114 SiZ1 31100.0 31100.0
20110114 TNH1 41110.0 38000.0
20110114 TNM1 40391.0 40391.0
20110114 TTH1 15627.0 15560.0
20110114 UPF1 1090.0 1081.0
20110114 UPG1 1117.0 1061.0
20110114 VBH1 10976.0 10675.0
20110114 VBM1 10900.0 10678.0
20110117 AUH1 1.0017 0.963
20110117 AUM1 0.956 0.956
20110117 BRG1 98.44 97.42
20110117 BRH1 98.25 96.0
20110117 BRJ1 97.81 97.73
20110117 CBF1 945.0 933.0
20110117 CHH1 59187.0 57367.0
20110117 CPF1 1130.0 1118.0
20110117 CPG1 1149.0 1100.0
20110117 CUH1 290250.0 288750.0
20110117 DSF1 21645.0 21551.0
20110117 EDH1 1.3366 1.3238
20110117 EDM1 1.3298 1.3273
20110117 EuH1 40210.0 39920.0
20110117 EuM1 40400.0 40345.0
20110117 GDH1 1365.4 1359.2
20110117 GDM1 1368.4 1365.4
20110117 GMH1 74799.0 73810.0
20110117 GUH1 1.5943 1.5833
20110117 GUM1 1.605 1.605
20110117 GZH1 20140.0 19670.0
20110117 GZM1 20286.0 19953.0
20110117 HYH1 16936.0 16777.0
20110117 LKH1 19543.0 19015.0
20110117 LKM1 19500.0 19132.0
20110117 MTH1 26090.0 25801.0
20110117 MTM1 25800.0 25800.0
20110117 NKH1 32400.0 28802.0
20110117 PDH1 787.0 787.0
20110117 PTH1 1817.0 1808.0
20110117 RIH1 191145.0 187550.0
20110117 RIM1 190205.0 186800.0
20110117 RNH1 24634.0 23606.0
20110117 RNM1 24597.0 23601.0
20110117 RSH1 12176.5 11955.0
20110117 RSM1 12270.0 12270.0
20110117 RoH1 214.0 214.0
20110117 SAH1 20.9 20.18
20110117 SNH1 35594.0 35200.0
20110117 SNM1 37450.0 33010.0
20110117 SPH1 7742.0 7620.0
20110117 SPM1 7818.0 7748.0
20110117 SRH1 11071.0 10810.0
20110117 SRM1 11069.0 10859.0
20110117 SUH1 32.51 32.51
20110117 SVH1 28.33 28.01
20110117 SVM1 28.48 28.17
20110117 SiH1 30220.0 30053.0
20110117 SiM1 30520.0 30201.0
20110117 SiU1 31338.0 30790.0
20110117 SiZ1 31250.0 31125.0
20110117 TNH1 40694.0 40000.0
20110117 TNM1 41002.0 39007.0
20110117 TTH1 16154.0 15751.0
20110117 UBG1 930.0 930.0
20110117 UPF1 1089.0 1083.0
20110117 UPG1 1085.0 1078.0
20110117 VBH1 10979.0 10832.0
20110118 AUH1 0.9934 0.9899
20110118 BRG1 98.35 96.61
20110118 BRH1 98.3 96.72
20110118 BRJ1 98.22 97.5
20110118 CBF1 937.0 936.0
20110118 CHH1 59657.0 57972.0
20110118 CPF1 1126.0 1117.0
20110118 CPG1 1116.0 1105.0
20110118 CUH1 291250.0 288950.0
20110118 DSF1 21683.0 21615.0
20110118 EDH1 1.346 1.3296
20110118 EDM1 1.342 1.34
20110118 EuH1 40345.0 39970.0
20110118 EuM1 40600.0 40500.0
20110118 GDH1 1378.7 1362.3
20110118 GDM1 1381.3 1372.3
20110118 GMH1 74800.0 73936.0
20110118 GMM1 73001.0 73001.0
20110118 GUH1 1.605 1.5933
20110118 GUM1 1.5992 1.5992
20110118 GZH1 20279.0 19780.0
20110118 GZM1 20412.0 19918.0
20110118 HYH1 16913.0 16605.0
20110118 LKH1 19526.0 19030.0
20110118 LKM1 19508.0 18988.0
20110118 MTH1 26280.0 25818.0
20110118 NKH1 32303.0 32000.0
20110118 PDH1 807.45 800.0
20110118 PTH1 1830.0 1811.0
20110118 RIH1 193100.0 188750.0
20110118 RIM1 191830.0 186015.0
20110118 RNH1 25217.0 24336.0
20110118 RNM1 25000.0 24902.0
20110118 RSH1 12266.5 12013.5
20110118 RSM1 12362.5 12362.5
20110118 RoH1 215.0 215.0
20110118 SAH1 20.74 20.13
20110118 SNH1 35600.0 34839.0
20110118 SNM1 34700.0 34700.0
20110118 SPH1 7789.0 7571.0
20110118 SPM1 7830.0 7631.0
20110118 SRH1 11168.0 10851.0
20110118 SRM1 11154.0 10886.0
20110118 SVH1 29.06 28.3
20110118 SVM1 29.14 28.61
20110118 SiH1 30057.0 29964.0
20110118 SiM1 30345.0 30277.0
20110118 SiU1 30752.0 30645.0
20110118 SiZ1 31070.0 31000.0
20110118 TNH1 40798.0 39819.0
20110118 TTH1 16180.0 16021.0
20110118 UPF1 1088.0 1083.0
20110118 UPG1 1075.0 1070.0
20110118 VBH1 11048.0 10888.0
20110118 VBM1 10993.0 10909.0
20110119 AUH1 1.001 0.9919
20110119 AUM1 0.992 0.981
20110119 BRG1 98.57 97.65
20110119 BRH1 98.61 97.72
20110119 BRJ1 98.5 98.1
20110119 CBF1 947.0 940.0
20110119 CHH1 58973.0 56851.0
20110119 CPF1 1129.0 1121.0
20110119 CPG1 1133.0 1115.0
20110119 CPH1 1060.0 1040.0
20110119 CUH1 292000.0 285300.0
20110119 DSF1 21665.0 21633.0
20110119 EDH1 1.3534 1.3399
20110119 EDM1 1.35 1.3438
20110119 EuH1 40500.0 40148.0
20110119 EuM1 40770.0 40625.0
20110119 GDH1 1381.3 1369.0
20110119 GDM1 1385.0 1374.0
20110119 GMH1 75028.0 74001.0
20110119 GMM1 74676.0 73733.0
20110119 GUH1 1.6026 1.5947
20110119 GZH1 20190.0 19772.0
20110119 GZM1 20038.0 20038.0
20110119 HYH1 16800.0 16550.0
20110119 HYM1 17099.0 17099.0
20110119 LKH1 19519.0 19122.0
20110119 LKM1 19500.0 19105.0
20110119 MTH1 26333.0 26084.0
20110119 MTM1 25800.0 25800.0
20110119 NKH1 32699.0 32500.0
20110119 PDH1 825.0 813.05
20110119 PTH1 1850.0 1835.0
20110119 RIH1 192075.0 188150.0
20110119 RIM1 191000.0 187400.0
20110119 RNH1 24906.0 24305.0
20110119 RSH1 12169.5 11988.0
20110119 RSM1 12010.0 12010.0
20110119 RoH1 217.0 217.0
20110119 SAH1 20.85 20.34
20110119 SNH1 35250.0 34626.0
20110119 SNM1 33050.0 33050.0
20110119 SPH1 7693.0 7481.0
20110119 SPM1 7640.0 7640.0
20110119 SRH1 11015.0 10733.0
20110119 SRM1 11025.0 10771.0
20110119 SVH1 29.44 28.66
20110119 SVM1 29.48 28.78
20110119 SiH1 30025.0 29890.0
20110119 SiH2 31375.0 31375.0
20110119 SiM1 30255.0 30190.0
20110119 TNH1 40700.0 39670.0
20110119 TNM1 40983.0 40230.0
20110119 TTH1 16250.0 16013.0
20110119 UPF1 1093.0 1065.0
20110119 UPG1 1090.0 1075.0
20110119 UPH1 1060.0 1060.0
20110119 VBH1 11014.0 10820.0
20110119 VBM1 11037.0 10890.0
20110120 AUH1 0.9902 0.9776
20110120 AUM1 0.97 0.97
20110120 BRG1 98.05 95.47
20110120 BRH1 97.99 95.53
20110120 BRJ1 97.69 96.3
20110120 CBF1 948.0 943.0
20110120 CHH1 57650.0 56235.0
20110120 CPF1 1124.0 1120.0
20110120 CPG1 1124.0 1108.0
20110120 CPH1 1040.0 1039.0
20110120 CUH1 286150.0 279750.0
20110120 DSF1 21639.0 21631.0
20110120 EDH1 1.3516 1.3401
20110120 EDM1 1.3399 1.3399
20110120 EuH1 40630.0 40305.0
20110120 EuM1 40925.0 40650.0
20110120 GDH1 1370.6 1331.0
20110120 GDM1 1373.1 1350.0
20110120 GMH1 74155.0 73187.0
20110120 GMM1 73847.0 73296.0
20110120 GUH1 1.6 1.5843
20110120 GZH1 19805.0 19455.0
20110120 GZM1 19861.0 19679.0
20110120 HYH1 16699.0 16163.0
20110120 LKH1 19310.0 18906.0
20110120 LKM1 19024.0 18908.0
20110120 MTH1 26295.0 25913.0
20110120 MTM1 25800.0 25500.0
20110120 NKH1 32105.0 29031.0
20110120 PDH1 818.45 800.0
20110120 PTH1 1832.0 1802.0
20110120 PTM1 1815.5 1815.5
20110120 RIH1 188615.0 185415.0
20110120 RIM1 187355.0 184555.0
20110120 RNH1 24450.0 23901.0
20110120 RNM1 24692.0 23869.0
20110120 RSH1 12001.5 11860.0
20110120 RSM1 12256.5 11558.0
20110120 SAH1 20.79 19.9
20110120 SNH1 34743.0 33724.0
20110120 SNM1 34001.0 33700.0
20110120 SPH1 7500.0 7305.0
20110120 SPM1 7418.0 7368.0
20110120 SRH1 10777.0 10476.0
20110120 SRM1 10767.0 10600.0
20110120 SUH1 33.5 32.51
20110120 SVH1 28.65 27.42
20110120 SVM1 28.67 27.59
20110120 SiH1 30205.0 29991.0
20110120 SiM1 30430.0 30370.0
20110120 SiU1 30719.0 30719.0
20110120 SiU5 37000.0 36995.0
20110120 SiZ1 31090.0 31075.0
20110120 TNH1 40300.0 39630.0
20110120 TTH1 16145.0 16000.0
20110120 UPF1 1089.0 1081.0
20110120 UPG1 1089.0 1050.0
20110120 UPH1 999.0 999.0
20110120 VBH1 10877.0 10720.0
20110120 VBM1 10942.0 10810.0
20110121 AUH1 0.9857 0.9794
20110121 BRG1 97.82 96.52
20110121 BRH1 97.7 96.73
20110121 BRJ1 97.47 97.05
20110121 CBF1 946.0 943.0
20110121 CHH1 57471.0 56582.0
20110121 CPF1 1125.0 1122.0
20110121 CPG1 1118.0 1106.0
20110121 CPH1 1070.0 1038.0
20110121 CUH1 284150.0 280800.0
20110121 DSF1 21619.0 21611.0
20110121 EDH1 1.3617 1.347
20110121 EDM1 1.3541 1.3495
20110121 EuH1 40905.0 40575.0
20110121 EuM1 41185.0 40995.0
20110121 GDH1 1353.0 1339.4
20110121 GDM1 1356.4 1344.6
20110121 GMH1 74950.0 73081.0
20110121 GMM1 74680.0 73754.0
20110121 GUH1 1.6006 1.5863
20110121 GZH1 19643.0 19309.0
20110121 GZM1 19702.0 19450.0
20110121 HYH1 16260.0 15956.0
20110121 HYM1 16499.0 16499.0
20110121 LKH1 19423.0 18835.0
20110121 LKM1 19429.0 18908.0
20110121 MPU1 6.3 5.5
20110121 MTH1 25923.0 25788.0
20110121 MTM1 25799.0 25500.0
20110121 NKH1 32100.0 32025.0
20110121 PDH1 815.0 806.0
20110121 PTH1 1830.0 1813.8
20110121 RIH1 188470.0 184925.0
20110121 RIM1 187505.0 184200.0
20110121 RNH1 24878.0 24131.0
20110121 RNM1 25110.0 24233.0
20110121 RSH1 12002.0 11796.0
20110121 RSM1 11675.0 11675.0
20110121 SAH1 21.38 20.53
20110121 SNH1 34600.0 34171.0
20110121 SPH1 7390.0 7237.0
20110121 SPM1 7380.0 7325.0
20110121 SRH1 10710.0 10505.0
20110121 SRM1 10719.0 10570.0
20110121 SVH1 27.6 27.15
20110121 SVM1 27.6 27.23
20110121 SiH1 30173.0 30020.0
20110121 SiM1 30450.0 30317.0
20110121 TNH1 39960.0 39476.0
20110121 TTH1 16999.0 16100.0
20110121 TTM1 16474.0 16474.0
20110121 UPF1 1092.0 1082.0
20110121 UPG1 1072.0 1070.0
20110121 VBH1 11143.0 10747.0
20110121 VBM1 11155.0 10819.0
20110121 WBF1 537.0 537.0
20110124 AUH1 0.9954 0.9824
20110124 BRG1 98.17 96.25
20110124 BRH1 98.1 96.3
20110124 BRJ1 98.01 96.64
20110124 CBF1 941.0 940.0
20110124 CHH1 57090.0 55007.0
20110124 CPF1 1130.0 1122.0
20110124 CPG1 1114.0 1104.0
20110124 CPH1 1053.0 1039.0
20110124 CUH1 288000.0 282800.0
20110124 DSF1 21704.0 21635.0
20110124 EDH1 1.3679 1.3533
20110124 EDM1 1.3786 1.354
20110124 EuH1 40933.0 40604.0
20110124 EuM1 41265.0 40302.0
20110124 GDH1 1354.2 1336.0
20110124 GDM1 1358.1 1340.0
20110124 GMH1 75977.0 74045.0
20110124 GMM1 76340.0 74413.0
20110124 GUH1 1.6004 1.5916
20110124 GZH1 19480.0 18848.0
20110124 GZM1 19876.0 19019.0
20110124 HYH1 16160.0 15500.0
20110124 HYM1 16009.0 16009.0
20110124 LKH1 19370.0 18759.0
20110124 LKM1 19201.0 18800.0
20110124 MPM1 5.45 5.45
20110124 MTH1 25864.0 25675.0
20110124 NKH1 29609.0 29609.0
20110124 PDH1 826.0 811.1
20110124 PTH1 1831.9 1817.0
20110124 RIH1 188385.0 182840.0
20110124 RIM1 187200.0 182500.0
20110124 RNH1 24869.0 23940.0
20110124 RNM1 24476.0 24239.0
20110124 RSH1 11959.0 11657.5
20110124 RSM1 11995.0 11995.0
20110124 SAH1 21.44 21.07
20110124 SNH1 34672.0 33460.0
20110124 SNM1 33550.0 33500.0
20110124 SPH1 7345.0 7063.0
20110124 SPM1 7213.0 7077.0
20110124 SRH1 10676.0 10335.0
20110124 SRM1 10617.0 10400.0
20110124 SVH1 27.96 26.82
20110124 SVM1 27.96 27.05
20110124 SiH1 30063.0 29915.0
20110124 SiM1 30285.0 30021.0
20110124 SiU1 31118.0 30357.0
20110124 TNH1 39972.0 38785.0
20110124 TNM1 41396.0 37102.0
20110124 TTH1 16898.0 16354.0
20110124 UBG1 948.0 945.0
20110124 UPF1 1090.0 1085.0
20110124 UPG1 1079.0 1053.0
20110124 VBH1 11138.0 10753.0
20110124 VBM1 11100.0 10923.0
20110125 AUH1 0.9934 0.9832
20110125 AUM1 0.978 0.978
20110125 BRG1 96.69 94.79
20110125 BRH1 96.73 94.91
20110125 BRJ1 96.78 91.81
20110125 CBF1 941.0 939.0
20110125 CHH1 56099.0 54851.0
20110125 CPF1 1126.0 1119.0
20110125 CPG1 1110.0 1089.0
20110125 CPH1 1050.0 1050.0
20110125 CUH1 282100.0 275400.0
20110125 DSF1 21761.0 21710.0
20110125 EDH1 1.3696 1.3553
20110125 EDM1 1.3653 1.359
20110125 EuH1 40895.0 40590.0
20110125 EuM1 41200.0 40975.0
20110125 GDH1 1336.9 1324.5
20110125 GDM1 1339.9 1328.8
20110125 GMH1 75802.0 74537.0
20110125 GUH1 1.5975 1.5745
20110125 GUM1 1.575 1.575
20110125 GZH1 19362.0 19015.0
20110125 GZM1 19500.0 19207.0
20110125 HYH1 15757.0 15352.0
20110125 LKH1 19165.0 18810.0
20110125 LKM1 19093.0 18800.0
20110125 MPZ1 6.35 6.35
20110125 MTH1 26000.0 25401.0
20110125 MTM1 25299.0 25299.0
20110125 NKH1 30600.0 30600.0
20110125 PDH1 799.8 780.0
20110125 PTH1 1805.7 1784.0
20110125 QBG1 610.0 560.0
20110125 RIH1 186910.0 183755.0
20110125 RIM1 186000.0 182060.0
20110125 RNH1 24492.0 24024.0
20110125 RNM1 24473.0 24473.0
20110125 RSH1 11880.0 11700.5
20110125 RSM1 11630.0 11630.0
20110125 SAH1 21.15 20.52
20110125 SNH1 34033.0 33169.0
20110125 SNM1 33300.0 33000.0
20110125 SPH1 7302.0 7170.0
20110125 SPM1 7211.0 7190.0
20110125 SRH1 10740.0 10500.0
20110125 SRM1 10714.0 10541.0
20110125 SVH1 26.96 26.56
20110125 SVM1 26.99 26.68
20110125 SiH1 29996.0 29871.0
20110125 SiM1 30240.0 30189.0
20110125 SiU1 30574.0 30555.0
20110125 TNH1 39495.0 38500.0
20110125 TTH1 16520.0 16243.0
20110125 UBG1 937.0 933.0
20110125 UPF1 1088.0 1072.0
20110125 UPG1 1062.0 1030.0
20110125 VBH1 11011.0 10814.0
20110125 VBM1 10857.0 10857.0
20110126 AUH1 0.9931 0.9897
20110126 AUM1 0.99 0.99
20110126 BRG1 98.11 95.48
20110126 BRH1 98.26 95.71
20110126 BRJ1 98.24 94.06
20110126 CBF1 937.0 937.0
20110126 CHH1 57029.0 55494.0
20110126 CPF1 1122.0 1118.0
20110126 CPG1 1092.0 1073.0
20110126 CPH1 1039.0 1038.0
20110126 CUH1 280000.0 276850.0
20110126 DSF1 21741.0 21700.0
20110126 EDH1 1.3715 1.3633
20110126 EDM1 1.3682 1.366
20110126 EuH1 40950.0 40705.0
20110126 EuM1 41305.0 41130.0
20110126 GDH1 1345.8 1327.2
20110126 GDM1 1349.8 1332.4
20110126 GMH1 75540.0 74421.0
20110126 GUH1 1.5905 1.5765
20110126 GUM1 1.5869 1.5869
20110126 GZH1 19865.0 19171.0
20110126 GZM1 19951.0 19300.0
20110126 HYH1 15651.0 15250.0
20110126 LKH1 19305.0 18949.0
20110126 LKM1 19271.0 19122.0
20110126 MTH1 25670.0 25535.0
20110126 MTM1 25400.0 25150.0
20110126 NKH1 31700.0 31101.0
20110126 PDH1 809.98 790.01
20110126 PTH1 1808.0 1790.0
20110126 QBG1 632.0 557.0
20110126 RIH1 190085.0 185765.0
20110126 RIM1 188640.0 185295.0
20110126 RNH1 24980.0 24203.0
20110126 RSH1 12046.5 11821.0
20110126 RSM1 12080.0 12080.0
20110126 SAH1 21.82 20.75
20110126 SNH1 33990.0 33250.0
20110126 SNM1 33300.0 33300.0
20110126 SPH1 7420.0 7244.0
20110126 SPM1 7335.0 7330.0
20110126 SRH1 10938.0 10685.0
20110126 SRM1 10949.0 10700.0
20110126 SVH1 27.44 26.64
20110126 SVM1 27.55 26.84
20110126 SiH1 29934.0 29795.0
20110126 SiH2 31250.0 31250.0
20110126 SiM1 30210.0 30100.0
20110126 SiU1 30521.0 30521.0
20110126 SiU5 36510.0 36500.0
20110126 SiZ1 30888.0 30875.0
20110126 TNH1 39413.0 38700.0
20110126 TTH1 16349.0 16196.0
20110126 TTM1 17695.0 15801.0
20110126 UBG1 931.0 931.0
20110126 UPF1 1072.0 1069.0
20110126 UPG1 1040.0 991.0
20110126 VBH1 11097.0 10889.0
20110126 VBM1 11052.0 11052.0
20110127 AUH1 0.9917 0.9824
20110127 AUM1 0.989 0.957
20110127 BRG1 98.9 97.22
20110127 BRH1 98.99 97.3
20110127 BRJ1 99.0 96.02
20110127 CBF1 936.0 934.0
20110127 CHH1 56900.0 55713.0
20110127 CPF1 1119.0 1116.0
20110127 CPG1 1085.0 1070.0
20110127 CPH1 1051.0 1035.0
20110127 CUH1 283600.0 279850.0
20110127 DSF1 21740.0 21710.0
20110127 DSG1 22100.0 20500.0
20110127 EDH1 1.375 1.363
20110127 EDM1 1.3724 1.369
20110127 EuH1 40865.0 40650.0
20110127 EuM1 41101.0 41080.0
20110127 GDH1 1347.8 1313.1
20110127 GDM1 1349.9 1317.1
20110127 GMH1 76288.0 74626.0
20110127 GUH1 1.5982 1.5877
20110127 GUM1 1.593 1.593
20110127 GZH1 20300.0 19702.0
20110127 GZM1 20397.0 19950.0
20110127 HYH1 15500.0 15101.0
20110127 HYM1 15301.0 15201.0
20110127 LKH1 19232.0 18650.0
20110127 LKM1 18913.0 18662.0
20110127 MTH1 25694.0 25280.0
20110127 MTM1 25099.0 25099.0
20110127 NKH1 31901.0 31732.0
20110127 PDH1 815.65 802.5
20110127 PTH1 1812.5 1787.0
20110127 QBF1 513.0 513.0
20110127 QBG1 590.0 590.0
20110127 RIH1 191050.0 188140.0
20110127 RIM1 190075.0 187320.0
20110127 RNH1 25375.0 24452.0
20110127 RSH1 12094.5 11942.0
20110127 SAH1 22.48 21.43
20110127 SNH1 34003.0 33300.0
20110127 SNM1 33500.0 33500.0
20110127 SPH1 7440.0 7262.0
20110127 SPM1 7350.0 7268.0
20110127 SRH1 11049.0 10776.0
20110127 SRM1 11020.0 10797.0
20110127 SVH1 27.7 26.76
20110127 SVM1 27.75 27.0
20110127 SiH1 29828.0 29688.0
20110127 SiH2 31260.0 31260.0
20110127 SiM1 30148.0 29990.0
20110127 SiU1 30490.0 30340.0
20110127 SiU5 36822.0 36769.0
20110127 SiZ1 30831.0 30750.0
20110127 TNH1 39330.0 38065.0
20110127 TNM1 38800.0 38800.0
20110127 TTH1 16452.0 16286.0
20110127 UPF1 1075.0 1070.0
20110127 UPG1 1036.0 1003.0
20110127 VBH1 11133.0 10961.0
20110127 VBM1 11002.0 11000.0
20110127 WBG1 562.0 562.0
20110128 AUH1 0.993 0.984
20110128 BRG1 99.75 97.15
20110128 BRH1 99.61 97.38
20110128 BRJ1 99.75 97.65
20110128 CBF1 935.0 933.0
20110128 CHH1 55800.0 53410.0
20110128 CPF1 1119.0 1116.0
20110128 CPG1 1090.0 1085.0
20110128 CUH1 287700.0 280550.0
20110128 DSF1 21770.0 21723.0
20110128 EDH1 1.3738 1.3575
20110128 EDM1 1.3688 1.3688
20110128 EuH1 40914.0 40630.0
20110128 EuM1 41240.0 41228.0
20110128 GDH1 1349.7 1313.0
20110128 GDM1 1352.1 1317.2
20110128 GMH1 76500.0 75376.0
20110128 GUH1 1.5952 1.5828
20110128 GZH1 20328.0 19853.0
20110128 GZM1 20417.0 19821.0
20110128 HYH1 15370.0 15100.0
20110128 LKH1 18899.0 18393.0
20110128 LKM1 18686.0 18441.0
20110128 MPU1 6.25 6.25
20110128 MTH1 25555.0 25241.0
20110128 MTM1 25100.0 24800.0
20110128 PDH1 807.28 797.0
20110128 PTH1 1809.5 1775.0
20110128 QBG1 590.0 577.0
20110128 RIH1 190040.0 184500.0
20110128 RIM1 188650.0 183610.0
20110128 RNH1 25545.0 25063.0
20110128 RNM1 25450.0 25350.0
20110128 RSH1 12046.0 11800.0
20110128 SAH1 22.55 21.99
20110128 SNH1 33999.0 33101.0
20110128 SNM1 33699.0 33698.0
20110128 SPH1 7314.0 7087.0
20110128 SPM1 7288.0 7251.0
20110128 SRH1 10896.0 10550.0
20110128 SRM1 10876.0 10572.0
20110128 SVH1 28.0 26.61
20110128 SVM1 28.08 26.75
20110128 SiH1 29955.0 29626.0
20110128 SiM1 30145.0 30086.0
20110128 SiU1 30459.0 30328.0
20110128 SiZ1 30800.0 30800.0
20110128 TNH1 38834.0 38200.0
20110128 TTH1 16398.0 16274.0
20110128 UBG1 934.0 930.0
20110128 UPF1 1072.0 1069.0
20110128 UPG1 1025.0 1013.0
20110128 VBH1 11073.0 10753.0
20110128 VBM1 11000.0 10835.0
20110128 WBG1 561.0 539.0
20110131 AUH1 0.9935 0.987
20110131 BRG1 101.36 98.52
20110131 BRH1 101.53 98.68
20110131 BRJ1 100.57 99.05
20110131 CBF1 934.0 934.0
20110131 CHH1 54295.0 52530.0
20110131 CPG1 1099.0 1080.0
20110131 CPH1 1030.0 1023.0
20110131 CUH1 291000.0 284300.0
20110131 DSF1 21862.0 21835.0
20110131 EDH1 1.3732 1.3591
20110131 EDM1 1.3631 1.3594
20110131 EuH1 41018.0 40652.0
20110131 EuM1 41200.0 41200.0
20110131 GDH1 1343.0 1325.3
20110131 GDM1 1344.0 1330.4
20110131 GMH1 76119.0 74506.0
20110131 GUH1 1.6031 1.5835
20110131 GZH1 19951.0 19700.0
20110131 GZM1 20091.0 19858.0
20110131 HYH1 15190.0 14805.0
20110131 HYM1 15101.0 15001.0
20110131 LKH1 18550.0 18216.0
20110131 LKM1 18527.0 18270.0
20110131 MPH1 4.65 4.65
20110131 MTH1 25111.0 24850.0
20110131 MTM1 24900.0 24500.0
20110131 NKH1 34266.0 29701.0
20110131 PDH1 820.0 806.05
20110131 PTH1 1801.0 1782.1
20110131 PTM1 1789.0 1789.0
20110131 QBF1 495.0 495.0
20110131 QBG1 577.0 544.0
20110131 RIH1 186875.0 183405.0
20110131 RIM1 186015.0 182855.0
20110131 RNH1 25750.0 24956.0
20110131 RNM1 25400.0 25400.0
20110131 RSH1 11893.0 11725.5
20110131 SAH1 22.38 21.44
20110131 SNH1 33599.0 32700.0
20110131 SNM1 33000.0 32600.0
20110131 SPH1 7271.0 7050.0
20110131 SPM1 7201.0 7071.0
20110131 SRH1 10700.0 10467.0
20110131 SRM1 10699.0 10500.0
20110131 SVH1 28.39 27.54
20110131 SVM1 28.22 27.76
20110131 SiH1 29988.0 29847.0
20110131 SiM1 30250.0 30150.0
20110131 SiU5 37024.0 37000.0
20110131 TNH1 39438.0 37700.0
20110131 TTH1 16389.0 15710.0
20110131 UBG1 927.0 895.0
20110131 UPF1 1068.0 1068.0
20110131 UPG1 1028.0 998.0
20110131 VBH1 10837.0 10635.0
20110131 VBM1 10767.0 10498.0
20110201 AUH1 1.0092 0.9978
20110201 BRG1 102.03 100.2
20110201 BRH1 102.14 100.37
20110201 BRJ1 102.25 100.74
20110201 CHH1 55285.0 54000.0
20110201 CPG1 1112.0 1091.0
20110201 CPH1 1040.0 1034.0
20110201 CUH1 294500.0 290700.0
20110201 DSG1 22500.0 22380.0
20110201 EDH1 1.3834 1.3692
20110201 EDM1 1.3746 1.3731
20110201 EuH1 40929.0 40707.0
20110201 EuM1 41228.0 41120.0
20110201 GDH1 1345.8 1327.7
20110201 GDM1 1347.6 1332.2
20110201 GMH1 75470.0 74264.0
20110201 GMM1 75579.0 74405.0
20110201 GUH1 1.6151 1.6035
20110201 GUM1 1.61 1.61
20110201 GZH1 20684.0 19866.0
20110201 GZM1 20747.0 20000.0
20110201 HYH1 15540.0 15009.0
20110201 HYM1 15403.0 15403.0
20110201 LKH1 19209.0 18404.0
20110201 LKM1 19275.0 18519.0
20110201 MTH1 25255.0 24989.0
20110201 MTM1 24600.0 24600.0
20110201 NKH1 33650.0 30650.0
20110201 PDH1 824.5 822.2
20110201 PTH1 1831.0 1801.0
20110201 QBG1 579.0 562.0
20110201 RIH1 192345.0 186720.0
20110201 RIM1 191200.0 185700.0
20110201 RNH1 26195.0 25635.0
20110201 RNM1 26161.0 25670.0
20110201 RSH1 12150.0 11867.0
20110201 RSM1 12225.0 12210.0
20110201 SAH1 22.34 21.83
20110201 SNH1 34000.0 33291.0
20110201 SNM1 33700.0 33400.0
20110201 SPH1 7323.0 7120.0
20110201 SPM1 7206.0 7200.0
20110201 SRH1 10780.0 10575.0
20110201 SRM1 10797.0 10593.0
20110201 SUN1 27.0 26.0
20110201 SVH1 28.64 27.84
20110201 SVM1 28.58 28.03
20110201 SiH1 29855.0 29557.0
20110201 SiH2 31125.0 31125.0
20110201 SiM1 30055.0 29876.0
20110201 SiU1 30300.0 30250.0
20110201 SiU5 37475.0 36483.0
20110201 SiZ1 30665.0 30625.0
20110201 TNH1 39350.0 39081.0
20110201 TTH1 16535.0 16200.0
20110201 UBG1 913.0 913.0
20110201 UPG1 1021.0 995.0
20110201 UPH1 942.0 942.0
20110201 VBH1 10925.0 10452.0
20110201 VBM1 10735.0 10550.0
20110201 WBG1 575.0 575.0
20110202 AUH1 1.0072 1.0013
20110202 BRG1 102.59 101.25
20110202 BRH1 102.93 101.63
20110202 BRJ1 102.5 101.98
20110202 CBG1 970.0 960.0
20110202 CHH1 55487.0 54536.0
20110202 CPG1 1141.0 1095.0
20110202 CPH1 1051.0 1032.0
20110202 CUH1 294350.0 292050.0
20110202 DSG1 22656.0 22450.0
20110202 EDH1 1.3849 1.3762
20110202 EDM1 1.376 1.376
20110202 EuH1 40918.0 40655.0
20110202 EuM1 41175.0 41100.0
20110202 GDH1 1342.0 1329.0
20110202 GDM1 1344.2 1333.0
20110202 GMH1 76420.0 75190.0
20110202 GMM1 76085.0 75800.0
20110202 GUH1 1.6221 1.6139
20110202 GUM1 1.618 1.615
20110202 GZH1 21225.0 20625.0
20110202 GZM1 21252.0 20121.0
20110202 HYH1 15593.0 15259.0
20110202 HYM1 15481.0 15481.0
20110202 LKH1 19675.0 19130.0
20110202 LKM1 19666.0 19224.0
20110202 MPH1 4.6 4.4
20110202 MPU1 5.95 5.95
20110202 MTH1 25274.0 24880.0
20110202 MTM1 24799.0 24600.0
20110202 NKH1 32200.0 31050.0
20110202 PDH1 827.0 815.9
20110202 PTH1 1837.0 1831.0
20110202 RIH1 194050.0 191165.0
20110202 RIM1 192655.0 189590.0
20110202 RNH1 26228.0 25607.0
20110202 RNM1 26094.0 25713.0
20110202 RSH1 12250.0 12065.5
20110202 RSM1 12270.0 12055.0
20110202 SAH1 23.48 22.13
20110202 SNH1 34350.0 32499.0
20110202 SNM1 33470.0 33101.0
20110202 SPH1 7348.0 7090.0
20110202 SPM1 7350.0 7303.0
20110202 SRH1 10828.0 10414.0
20110202 SRM1 10825.0 10445.0
20110202 SVH1 28.58 28.1
20110202 SVM1 28.63 28.34
20110202 SiH1 29600.0 29456.0
20110202 SiH2 31000.0 30900.0
20110202 SiM1 29875.0 29761.0
20110202 SiU1 30185.0 30120.0
20110202 SiU5 36588.0 36575.0
20110202 SiZ1 30525.0 30500.0
20110202 TNH1 40681.0 39566.0
20110202 TNM1 41151.0 39800.0
20110202 TTH1 17000.0 16601.0
20110202 UBG1 920.0 919.0
20110202 UPG1 1045.0 1014.0
20110202 UPH1 990.0 945.0
20110202 VBH1 10783.0 10150.0
20110202 VBM1 10710.0 10250.0
20110202 WBJ1 570.0 523.0
20110203 AUH1 1.0111 1.0037
20110203 BRG1 103.28 101.42
20110203 BRH1 103.59 101.8
20110203 BRJ1 103.75 102.38
20110203 CHH1 55880.0 53987.0
20110203 CPG1 1154.0 1140.0
20110203 CPH1 1050.0 1040.0
20110203 CPJ1 1020.0 1019.0
20110203 CUH1 293800.0 290050.0
20110203 DSG1 22860.0 22775.0
20110203 EDH1 1.3819 1.3606
20110203 EDM1 1.3607 1.3607
20110203 EuH1 40675.0 40151.0
20110203 EuM1 40845.0 40570.0
20110203 GDH1 1357.5 1327.6
20110203 GDM1 1361.3 1333.3
20110203 GMH1 75903.0 74493.0
20110203 GMM1 75560.0 74410.0
20110203 GUH1 1.6271 1.6119
20110203 GUM1 1.619 1.5949
20110203 GZH1 21375.0 20727.0
20110203 GZM1 21400.0 20833.0
20110203 HYH1 15409.0 15155.0
20110203 LKH1 19871.0 19439.0
20110203 LKM1 19800.0 19475.0
20110203 MTH1 25007.0 24859.0
20110203 NKH1 33333.0 31444.0
20110203 PDH1 821.5 810.4
20110203 PTH1 1843.3 1825.0
20110203 QBG1 521.0 521.0
20110203 RIH1 194195.0 190200.0
20110203 RIM1 192750.0 188750.0
20110203 RNH1 25963.0 25263.0
20110203 RNM1 25540.0 24910.0
20110203 RSH1 12200.0 11983.5
20110203 SAH1 22.9 20.71
20110203 SNH1 33649.0 32784.0
20110203 SNM1 33111.0 32900.0
20110203 SPH1 7196.0 7040.0
20110203 SPM1 7190.0 7070.0
20110203 SRH1 10580.0 10336.0
20110203 SRM1 10552.0 10377.0
20110203 SVH1 28.88 27.98
20110203 SVM1 29.04 28.14
20110203 SiH1 29563.0 29359.0
20110203 SiH2 30875.0 30875.0
20110203 SiM1 29848.0 29640.0
20110203 SiU1 30116.0 29955.0
20110203 SiU5 36382.0 36366.0
20110203 SiZ1 30375.0 30366.0
20110203 TNH1 40021.0 38356.0
20110203 TTH1 17184.0 16706.0
20110203 UBG1 929.0 928.0
20110203 UPG1 1049.0 1030.0
20110203 UPH1 996.0 985.0
20110203 URG1 103.0 98.0
20110203 VBH1 10369.0 10125.0
20110203 VBM1 11213.0 10310.0
20110203 WBJ1 569.0 562.0
20110204 AUH1 1.0154 1.007
20110204 AUM1 1.0 1.0
20110204 BRG1 102.45 99.51
20110204 BRH1 103.63 100.0
20110204 BRJ1 102.68 100.48
20110204 CBG1 989.0 975.0
20110204 CHH1 55029.0 53657.0
20110204 CPG1 1155.0 1142.0
20110204 CPH1 1059.0 1047.0
20110204 CUH1 297300.0 292750.0
20110204 DSG1 22845.0 22839.0
20110204 EDH1 1.3673 1.3541
20110204 EDM1 1.3617 1.3528
20110204 EuH1 40261.0 39908.0
20110204 EuM1 40540.0 40285.0
20110204 GDH1 1361.5 1347.9
20110204 GDM1 1363.0 1351.5
20110204 GMH1 75220.0 73553.0
20110204 GUH1 1.6166 1.6036
20110204 GZH1 21462.0 20857.0
20110204 GZM1 21523.0 21010.0
20110204 HYH1 15343.0 15021.0
20110204 LKH1 19843.0 19459.0
20110204 LKM1 19780.0 19537.0
20110204 MPM1 5.44 5.1
20110204 MTH1 25022.0 24889.0
20110204 NKH1 33444.0 31024.0
20110204 PDH1 826.3 814.0
20110204 PTH1 1859.0 1838.0
20110204 RIH1 193180.0 190210.0
20110204 RIM1 191550.0 188990.0
20110204 RNH1 26033.0 25413.0
20110204 RNM1 26094.0 25512.0
20110204 RSH1 12134.0 12002.0
20110204 RSM1 12109.5 12000.0
20110204 SAH1 21.47 20.62
20110204 SAK1 20.8 20.18
20110204 SNH1 33529.0 32721.0
20110204 SNM1 33349.0 33348.0
20110204 SPH1 7250.0 7100.0
20110204 SPM1 7150.0 7118.0
20110204 SRH1 10546.0 10275.0
20110204 SRM1 10550.0 10286.0
20110204 SVH1 29.26 28.68
20110204 SVM1 29.29 28.9
20110204 SiH1 29557.0 29410.0
20110204 SiM1 29804.0 29695.0
20110204 SiU1 30130.0 30130.0
20110204 SiU5 36893.0 35602.0
20110204 SiZ1 30440.0 30440.0
20110204 TNH1 39698.0 38994.0
20110204 TTH1 17334.0 16914.0
20110204 UBG1 934.0 923.0
20110204 UPG1 1048.0 1039.0
20110204 UPH1 978.0 975.0
20110204 VBH1 10237.0 9788.0
20110204 VBM1 10310.0 9905.0
20110207 AUH1 1.012 1.0073
20110207 BRG1 100.89 98.81
20110207 BRH1 101.3 99.5
20110207 BRJ1 101.3 100.49
20110207 CBG1 999.0 988.0
20110207 CHH1 54350.0 53077.0
20110207 CPG1 1190.0 1163.0
20110207 CPH1 1068.0 1062.0
20110207 CPJ1 1021.0 1021.0
20110207 CUH1 297800.0 291850.0
20110207 DSG1 23000.0 22715.0
20110207 EDH1 1.3622 1.3504
20110207 EDM1 1.3569 1.35
20110207 EuH1 40096.0 39740.0
20110207 EuM1 40310.0 40125.0
20110207 GDH1 1355.4 1347.1
20110207 GDM1 1359.0 1352.7
20110207 GMH1 74798.0 72201.0
20110207 GMM1 74777.0 72579.0
20110207 GUH1 1.6177 1.6083
20110207 GZH1 21595.0 21151.0
20110207 GZM1 21625.0 21172.0
20110207 HYH1 15261.0 15047.0
20110207 LKH1 19818.0 19486.0
20110207 LKM1 19800.0 19481.0
20110207 MPM1 5.25 5.25
20110207 MTH1 25194.0 24859.0
20110207 MTM1 24742.0 24742.0
20110207 NKH1 33197.0 30012.0
20110207 PDH1 820.2 816.2
20110207 PTH1 1849.0 1840.6
20110207 QBG1 515.0 515.0
20110207 QBH1 480.0 480.0
20110207 RIH1 192940.0 189450.0
20110207 RIM1 192070.0 188235.0
20110207 RNH1 25947.0 25205.0
20110207 RNM1 25835.0 25310.0
20110207 RSH1 12150.0 11909.5
20110207 RSM1 12000.0 12000.0
20110207 SAH1 21.6 21.05
20110207 SAK1 20.5 20.5
20110207 SNH1 33540.0 32844.0
20110207 SNM1 33299.0 32900.0
20110207 SPH1 7354.0 7036.0
20110207 SPM1 7250.0 7070.0
20110207 SRH1 10417.0 10181.0
20110207 SRM1 10450.0 10095.0
20110207 SVH1 29.42 29.05
20110207 SVM1 29.4 29.29
20110207 SiH1 29482.0 29351.0
20110207 SiM1 29743.0 29667.0
20110207 SiU1 30000.0 29985.0
20110207 SiU5 36900.0 36900.0
20110207 SiZ1 30404.0 30308.0
20110207 TNH1 39760.0 39160.0
20110207 TTH1 17717.0 17000.0
20110207 UBG1 951.0 948.0
20110207 UPG1 1109.0 1080.0
20110207 UPH1 988.0 988.0
20110207 VBH1 10063.0 9800.0
20110207 VBM1 10056.0 9350.0
20110208 AUH1 1.0144 1.0016
20110208 BRG1 100.4 97.53
20110208 BRH1 100.93 98.16
20110208 BRJ1 101.1 98.98
20110208 CBG1 1020.0 1010.0
20110208 CHH1 53400.0 51000.0
20110208 CPG1 1197.0 1190.0
20110208 CPH1 1085.0 1074.0
20110208 CUH1 294250.0 288200.0
20110208 DSG1 22702.0 22639.0
20110208 EDH1 1.3682 1.3589
20110208 EDM1 1.3621 1.3615
20110208 EuH1 40089.0 39870.0
20110208 EuM1 40382.0 40228.0
20110208 GDH1 1370.0 1350.2
20110208 GDM1 1373.5 1355.6
20110208 GMH1 73900.0 72200.0
20110208 GUH1 1.6156 1.6025
20110208 GUM1 1.6119 1.603
20110208 GZH1 21740.0 21111.0
20110208 GZM1 21785.0 21172.0
20110208 HYH1 15259.0 14918.0
20110208 LKH1 19850.0 19399.0
20110208 LKM1 19758.0 19400.0
20110208 MPH1 4.57 4.57
20110208 MTH1 25130.0 24925.0
20110208 NKH1 33477.0 31002.0
20110208 PDH1 837.15 817.0
20110208 PTH1 1864.0 1843.0
20110208 RIH1 194000.0 188625.0
20110208 RIM1 192680.0 187500.0
20110208 RNH1 25863.0 25038.0
20110208 RNM1 25493.0 24384.0
20110208 RSH1 12133.0 11830.5
20110208 SAH1 21.2 20.07
20110208 SAK1 20.1 20.02
20110208 SNH1 33297.0 32148.0
20110208 SNM1 33297.0 32199.0
20110208 SPH1 7201.0 6975.0
20110208 SPM1 7105.0 7005.0
20110208 SRH1 10441.0 10102.0
20110208 SRM1 10416.0 10152.0
20110208 SVH1 30.27 29.21
20110208 SVM1 30.4 29.38
20110208 SiH1 29392.0 29297.0
20110208 SiH2 30800.0 30750.0
20110208 SiM1 29640.0 29562.0
20110208 SiU1 29945.0 29945.0
20110208 SiU5 35907.0 35903.0
20110208 SiZ1 30305.0 30305.0
20110208 TNH1 39450.0 38257.0
20110208 TTH1 17340.0 16896.0
20110208 UBG1 955.0 955.0
20110208 UPG1 1091.0 1085.0
20110208 UPH1 1012.0 1012.0
20110208 VBH1 9940.0 9525.0
20110208 VBM1 9901.0 9647.0
20110209 AUH1 1.0101 1.0051
20110209 BRG1 102.24 100.17
20110209 BRH1 102.82 100.65
20110209 BRJ1 103.0 101.14
20110209 CBG1 1025.0 1024.0
20110209 CHH1 51600.0 50534.0
20110209 CPG1 1195.0 1190.0
20110209 CPH1 1088.0 1050.0
20110209 CUH1 292700.0 288500.0
20110209 DSG1 22742.0 22687.0
20110209 DSH1 22507.0 22500.0
20110209 EDH1 1.3737 1.3605
20110209 EDM1 1.3687 1.3615
20110209 EuH1 40285.0 39980.0
20110209 EuM1 40555.0 40375.0
20110209 GDH1 1369.0 1360.2
20110209 GDM1 1370.6 1364.3
20110209 GMH1 72882.0 70376.0
20110209 GMM1 71649.0 69646.0
20110209 GUH1 1.6116 1.6029
20110209 GUM1 1.61 1.603
20110209 GZH1 21630.0 21072.0
20110209 GZM1 22474.0 21172.0
20110209 HYH1 15208.0 14843.0
20110209 LKH1 19510.0 19190.0
20110209 LKM1 19300.0 19300.0
20110209 MPZ1 6.25 6.25
20110209 MTH1 25083.0 24957.0
20110209 NKH1 33257.0 30221.0
20110209 PDH1 838.4 824.81
20110209 PTH1 1867.0 1855.0
20110209 RIH1 190745.0 186940.0
20110209 RIM1 189290.0 185640.0
20110209 RIU1 188400.0 188400.0
20110209 RNH1 25467.0 24721.0
20110209 RNM1 25377.0 24515.0
20110209 RSH1 11950.0 11740.5
20110209 SAH1 20.69 19.69
20110209 SAK1 20.3 19.5
20110209 SNH1 32540.0 31949.0
20110209 SPH1 7035.0 6860.0
20110209 SPM1 7020.0 6900.0
20110209 SRH1 10262.0 9978.0
20110209 SRM1 10120.0 9988.0
20110209 SVH1 30.45 30.04
20110209 SVM1 30.51 30.2
20110209 SiH1 29425.0 29303.0
20110209 SiH2 30740.0 30642.0
20110209 SiM1 29675.0 29585.0
20110209 SiU1 29975.0 29975.0
20110209 SiU5 35996.0 33992.0
20110209 SiZ1 30300.0 30300.0
20110209 TNH1 38570.0 37839.0
20110209 TTH1 16832.0 16743.0
20110209 UPG1 1090.0 1083.0
20110209 UPH1 1026.0 1023.0
20110209 VBH1 9749.0 9370.0
20110209 VBM1 9769.0 9443.0
20110210 AUH1 1.01 0.9972
20110210 BRG1 102.86 100.51
20110210 BRH1 103.28 101.05
20110210 BRJ1 103.39 101.9
20110210 CBG1 1026.0 1020.0
20110210 CHH1 50468.0 48951.0
20110210 CHM1 49968.0 49968.0
20110210 CPG1 1192.0 1181.0
20110210 CPH1 1089.0 1089.0
20110210 CUH1 292100.0 288500.0
20110210 DSG1 22717.0 22537.0
20110210 EDH1 1.3709 1.3573
20110210 EDM1 1.3651 1.3562
20110210 EuH1 40240.0 39927.0
20110210 EuM1 40580.0 40245.0
20110210 GDH1 1368.8 1353.6
20110210 GDM1 1367.3 1360.1
20110210 GMH1 70606.0 68350.0
20110210 GMM1 70000.0 70000.0
20110210 GUH1 1.6132 1.6009
20110210 GUM1 1.6046 1.6046
20110210 GZH1 21550.0 20854.0
20110210 GZM1 21550.0 20999.0
20110210 HYH1 15148.0 14850.0
20110210 LKH1 19349.0 18930.0
20110210 LKM1 19228.0 19001.0
20110210 MPH1 4.57 4.57
20110210 MPZ1 6.1 6.1
20110210 MTH1 24865.0 24657.0
20110210 PDH1 826.5 815.2
20110210 PTH1 1850.2 1830.6
20110210 RIH1 187900.0 183045.0
20110210 RIM1 186200.0 182000.0
20110210 RIZ1 187000.0 184300.0
20110210 RIZ2 187000.0 183990.0
20110210 RNH1 25090.0 24660.0
20110210 RNM1 24603.0 24553.0
20110210 RSH1 11780.0 11496.0
20110210 RSM1 11475.0 11465.0
20110210 RoH1 236.25 204.65
20110210 SAH1 21.39 20.17
20110210 SAK1 20.2 20.0
20110210 SNH1 32296.0 31273.0
20110210 SNM1 32895.0 29205.0
20110210 SPH1 6940.0 6806.0
20110210 SPM1 6900.0 6797.0
20110210 SRH1 10033.0 9670.0
20110210 SRM1 9984.0 9670.0
20110210 SVH1 30.24 29.62
20110210 SVM1 30.3 29.8
20110210 SiH1 29465.0 29348.0
20110210 SiH2 30735.0 30735.0
20110210 SiM1 29720.0 29600.0
20110210 SiU1 30040.0 29955.0
20110210 SiU5 35700.0 35143.0
20110210 TNH1 38200.0 37300.0
20110210 TTH1 16850.0 16070.0
20110210 TTM1 16200.0 16200.0
20110210 UBG1 953.0 948.0
20110210 UPG1 1078.0 1065.0
20110210 UPH1 1010.0 990.0
20110210 VBH1 9695.0 9210.0
20110210 VBM1 9544.0 9300.0
20110211 AUH1 0.9992 0.9932
20110211 BRG1 102.04 100.83
20110211 BRH1 104.51 100.65
20110211 BRJ1 102.37 101.34
20110211 CBG1 1026.0 1021.0
20110211 CHH1 51600.0 49251.0
20110211 CHM1 49005.0 49005.0
20110211 CPG1 1192.0 1188.0
20110211 CPH1 1085.0 1080.0
20110211 CPJ1 1020.0 1020.0
20110211 CUH1 292600.0 287900.0
20110211 DSG1 22507.0 22000.0
20110211 EDH1 1.3592 1.3493
20110211 EDM1 1.3511 1.3508
20110211 EuH1 39976.0 39687.0
20110211 EuM1 40799.0 40025.0
20110211 GDH1 1371.0 1356.0
20110211 GDM1 1373.6 1361.0
20110211 GMH1 72134.0 68231.0
20110211 GMM1 73766.0 71000.0
20110211 GUH1 1.6064 1.5964
20110211 GUM1 1.6 1.6
20110211 GZH1 21100.0 20591.0
20110211 GZM1 21150.0 20655.0
20110211 HYH1 15100.0 14910.0
20110211 LKH1 19446.0 18862.0
20110211 LKM1 19492.0 18943.0
20110211 MPH1 4.65 4.1
20110211 MTH1 24810.0 23500.0
20110211 MTM1 24400.0 24400.0
20110211 NKH1 31000.0 31000.0
20110211 PDH1 827.5 807.1
20110211 PTH1 1838.0 1808.0
20110211 PTM1 1823.0 1823.0
20110211 RIH1 188905.0 183125.0
20110211 RIM1 187395.0 181640.0
20110211 RIZ1 184300.0 184300.0
20110211 RNH1 25808.0 24607.0
20110211 RNM1 25672.0 24682.0
20110211 RSH1 11841.5 11480.0
20110211 RSM1 11695.0 11500.0
20110211 SAH1 21.1 20.0
20110211 SAK1 19.77 19.77
20110211 SNH1 31985.0 30518.0
20110211 SNM1 31200.0 31200.0
20110211 SPH1 7095.0 6834.0
20110211 SPM1 7096.0 6887.0
20110211 SRH1 10242.0 9678.0
20110211 SRM1 10233.0 9662.0
20110211 SVH1 30.22 29.67
20110211 SVM1 30.25 29.8
20110211 SiH1 29496.0 29316.0
20110211 SiM1 29680.0 29585.0
20110211 SiU1 29960.0 29960.0
20110211 SiZ1 30360.0 30329.0
20110211 TNH1 39199.0 37009.0
20110211 TTH1 16385.0 16230.0
20110211 UBG1 955.0 947.0
20110211 UPG1 1078.0 1075.0
20110211 UPH1 1005.0 1003.0
20110211 VBH1 9488.0 9214.0
20110211 VBM1 9537.0 9304.0
20110214 AUH1 1.003 0.997
20110214 BRH1 104.0 100.93
20110214 BRJ1 104.4 101.3
20110214 BRK1 104.43 102.0
20110214 CBG1 1030.0 1023.0
20110214 CBH1 985.0 982.0
20110214 CHH1 52800.0 51012.0
20110214 CPG1 1182.0 1174.0
20110214 CPH1 1078.0 1075.0
20110214 CUH1 297150.0 292500.0
20110214 DSG1 22325.0 22220.0
20110214 EDH1 1.3555 1.3426
20110214 EDM1 1.3534 1.3432
20110214 EuH1 39796.0 39412.0
20110214 EuM1 40021.0 39735.0
20110214 GDH1 1369.0 1358.4
20110214 GDM1 1371.8 1362.4
20110214 GMH1 72509.0 70403.0
20110214 GMM1 71868.0 69952.0
20110214 GUH1 1.6071 1.5979
20110214 GZH1 21191.0 20401.0
20110214 GZM1 21190.0 20474.0
20110214 HYH1 15135.0 14997.0
20110214 LKH1 19530.0 19086.0
20110214 LKM1 19313.0 19090.0
20110214 MRM1 3.15 2.7
20110214 MTH1 25299.0 24303.0
20110214 MTM1 24498.0 24100.0
20110214 NKH1 31800.0 31350.0
20110214 PDH1 835.9 823.2
20110214 PTH1 1837.0 1814.0
20110214 PTM1 1811.1 1811.1
20110214 QBH1 510.0 510.0
20110214 RIH1 190040.0 186145.0
20110214 RIM1 188550.0 184790.0
20110214 RNH1 25934.0 25360.0
20110214 RNM1 25500.0 25042.0
20110214 RSH1 11900.0 11657.5
20110214 SAH1 20.4 19.41
20110214 SAK1 20.0 18.91
20110214 SNH1 32344.0 31561.0
20110214 SNM1 31800.0 31800.0
20110214 SPH1 7186.0 7030.0
20110214 SPM1 7195.0 7080.0
20110214 SRH1 10339.0 10120.0
20110214 SRM1 10349.0 10100.0
20110214 SVH1 30.65 29.9
20110214 SVM1 30.7 30.09
20110214 SiH1 29393.0 29245.0
20110214 SiH2 30625.0 30625.0
20110214 SiM1 29655.0 29550.0
20110214 SiU1 29950.0 29875.0
20110214 SiU5 35699.0 35699.0
20110214 SiZ1 30250.0 30250.0
20110214 TNH1 39280.0 38389.0
20110214 TTH1 16808.0 16270.0
20110214 TTM1 16087.0 16000.0
20110214 UBG1 958.0 952.0
20110214 UPG1 1076.0 1071.0
20110214 UPH1 1001.0 1000.0
20110214 VBH1 9713.0 9412.0
20110214 VBM1 9720.0 9501.0
20110215 AUH1 1.0007 0.9915
20110215 BRH1 103.99 101.3
20110215 BRJ1 104.24 101.65
20110215 BRK1 104.22 102.16
20110215 CBG1 1033.0 1029.0
20110215 CHH1 52359.0 51061.0
20110215 CPG1 1186.0 1178.0
20110215 CPH1 1089.0 1080.0
20110215 CUH1 296350.0 290500.0
20110215 DSG1 22345.0 21800.0
20110215 EDH1 1.3545 1.3459
20110215 EDM1 1.3549 1.35
20110215 EuH1 39735.0 39511.0
20110215 EuM1 40030.0 39825.0
20110215 GDH1 1379.0 1365.7
20110215 GDM1 1381.5 1370.1
20110215 GMH1 71890.0 70229.0
20110215 GMM1 70732.0 69358.0
20110215 GUH1 1.6165 1.6009
20110215 GUM1 1.614 1.609
20110215 GZH1 20575.0 19927.0
20110215 GZM1 20599.0 20000.0
20110215 HYH1 15060.0 14861.0
20110215 LKH1 19334.0 18899.0
20110215 LKM1 19302.0 18888.0
20110215 MRH1 3.83 3.83
20110215 MTH1 24781.0 24605.0
20110215 MTM1 24300.0 24200.0
20110215 NKH1 33332.0 30215.0
20110215 PDH1 847.49 832.5
20110215 PTH1 1843.0 1830.6
20110215 RIH1 188265.0 183690.0
20110215 RIM1 186510.0 182200.0
20110215 RNH1 26080.0 25306.0
20110215 RNM1 25855.0 25401.0
20110215 RSH1 11785.5 11546.5
20110215 SAH1 20.05 19.59
20110215 SNH1 32078.0 31438.0
20110215 SPH1 7129.0 6915.0
20110215 SPM1 7153.0 7033.0
20110215 SRH1 10333.0 9937.0
20110215 SRM1 10300.0 9940.0
20110215 SVH1 30.84 30.42
20110215 SVM1 30.87 30.54
20110215 SiH1 29448.0 29303.0
20110215 SiH2 30638.0 30638.0
20110215 SiM1 29677.0 29570.0
20110215 SiU1 29955.0 29955.0
20110215 SiU5 35800.0 34994.0
20110215 SiZ1 30290.0 30228.0
20110215 TNH1 39250.0 38211.0
20110215 TTH1 16791.0 16350.0
20110215 UBG1 963.0 957.0
20110215 UPG1 1079.0 1075.0
20110215 UPH1 1001.0 1001.0
20110215 VBH1 9583.0 9370.0
20110215 VBM1 9579.0 9448.0
20110215 WBG1 587.0 587.0
20110215 WBJ1 541.0 541.0
20110216 AUH1 1.0017 0.9931
20110216 BRH1 104.34 101.72
20110216 BRJ1 104.46 102.3
20110216 BRK1 104.4 102.4
20110216 CBG1 1040.0 1034.0
20110216 CBH1 985.0 985.0
20110216 CHH1 52389.0 51583.0
20110216 CPG1 1199.0 1185.0
20110216 CPH1 1104.0 1087.0
20110216 CPJ1 1115.0 1010.0
20110216 CUH1 290900.0 286050.0
20110216 DSG1 22323.0 21650.0
20110216 EDH1 1.36 1.3458
20110216 EDM1 1.3525 1.3451
20110216 EuH1 39790.0 39531.0
20110216 EuM1 40025.0 39825.0
20110216 GDH1 1384.7 1369.9
20110216 GDM1 1385.6 1373.3
20110216 GMH1 71000.0 69046.0
20110216 GUH1 1.6176 1.5985
20110216 GUM1 1.614 1.614
20110216 GZH1 20147.0 19676.0
20110216 GZM1 20200.0 19733.0
20110216 HYH1 15320.0 14897.0
20110216 LKH1 19235.0 18880.0
20110216 LKM1 19181.0 18910.0
20110216 MPH1 4.25 4.25
20110216 MPZ1 6.02 6.02
20110216 MRH1 3.24 3.24
20110216 MTH1 24999.0 24548.0
20110216 MTM1 24300.0 24300.0
20110216 NKH1 32999.0 31221.0
20110216 PDH1 840.0 835.55
20110216 PTH1 1840.5 1829.0
20110216 RIH1 187445.0 184090.0
20110216 RIM1 185880.0 182520.0
20110216 RIU1 187000.0 187000.0
20110216 RNH1 25899.0 25412.0
20110216 RNM1 25727.0 25410.0
20110216 RSH1 11704.0 11530.5
20110216 RSM1 11445.0 11408.0
20110216 RoH1 222.15 215.5
20110216 SAH1 20.86 20.02
20110216 SAK1 19.8 19.0
20110216 SNH1 31973.0 31538.0
20110216 SNM1 31600.0 31600.0
20110216 SPH1 7095.0 6925.0
20110216 SPM1 7040.0 7040.0
20110216 SRH1 10230.0 9905.0
20110216 SRM1 10220.0 9920.0
20110216 SVH1 30.91 30.23
20110216 SVM1 30.88 30.4
20110216 SiH1 29405.0 29261.0
20110216 SiM1 29625.0 29530.0
20110216 SiU1 29840.0 29840.0
20110216 SiU5 35245.0 35245.0
20110216 SiZ1 30232.0 30232.0
20110216 TNH1 39567.0 38999.0
20110216 TTH1 16633.0 16449.0
20110216 UPG1 1084.0 1080.0
20110216 UPH1 1000.0 997.0
20110216 VBH1 9948.0 9461.0
20110216 VBM1 9950.0 9563.0
20110217 AUH1 1.01 1.0003
20110217 BRH1 104.22 102.4
20110217 BRJ1 104.46 102.91
20110217 BRK1 104.99 103.38
20110217 CBG1 1051.0 1041.0
20110217 CBH1 1000.0 995.0
20110217 CHH1 53300.0 52177.0
20110217 CPG1 1215.0 1198.0
20110217 CPH1 1138.0 1090.0
20110217 CPJ1 1030.0 1030.0
20110217 CUH1 289850.0 282900.0
20110217 DSG1 22278.0 21950.0
20110217 EDH1 1.3615 1.3533
20110217 EDM1 1.3558 1.355
20110217 EuH1 39906.0 39670.0
20110217 EuM1 40150.0 39970.0
20110217 GDH1 1389.1 1378.0
20110217 GDM1 1390.8 1383.0
20110217 GMH1 70260.0 67823.0
20110217 GMM1 68902.0 68001.0
20110217 GUH1 1.618 1.6079
20110217 GZH1 20185.0 19577.0
20110217 GZM1 20205.0 19673.0
20110217 HYH1 15444.0 15002.0
20110217 HYM1 15100.0 15100.0
20110217 LKH1 19378.0 19111.0
20110217 LKM1 19336.0 19020.0
20110217 MTH1 25303.0 24991.0
20110217 MTM1 24600.0 24400.0
20110217 O2M1 10165.0 10145.0
20110217 O4M1 10283.0 10275.0
20110217 PDH1 844.75 844.55
20110217 PTH1 1850.0 1828.0
20110217 RIH1 188145.0 184320.0
20110217 RIM1 186100.0 182590.0
20110217 RIU1 186500.0 186500.0
20110217 RIZ1 188000.0 188000.0
20110217 RNH1 26098.0 25699.0
20110217 RNM1 25986.0 25710.0
20110217 RSH1 11758.0 11542.0
20110217 RSM1 11790.0 11775.0
20110217 RoH1 216.2 215.8
20110217 SAH1 20.58 19.92
20110217 SAK1 19.11 18.68
20110217 SNH1 32249.0 31503.0
20110217 SNM1 31600.0 31600.0
20110217 SPH1 7164.0 7003.0
20110217 SPM1 7200.0 7062.0
20110217 SRH1 10318.0 10049.0
20110217 SRM1 10352.0 10120.0
20110217 SVH1 31.69 30.5
20110217 SVM1 31.8 30.65
20110217 SiH1 29438.0 29265.0
20110217 SiH2 30567.0 30500.0
20110217 SiM1 29598.0 29540.0
20110217 SiU1 29910.0 29870.0
20110217 SiU5 35043.0 34693.0
20110217 SiZ1 30215.0 30215.0
20110217 TNH1 39950.0 39188.0
20110217 TTH1 16550.0 16270.0
20110217 UBG1 978.0 970.0
20110217 UPG1 1093.0 1077.0
20110217 UPH1 1031.0 1010.0
20110217 VBH1 9955.0 9611.0
20110217 VBM1 9951.0 9748.0
20110217 WBG1 601.0 601.0
20110217 WBJ1 516.0 516.0
20110218 AUH1 1.0127 1.0064
20110218 BRH1 103.46 100.78
20110218 BRJ1 107.8 101.22
20110218 CBG1 1072.0 1055.0
20110218 CBH1 1000.0 1000.0
20110218 CHH1 52415.0 51417.0
20110218 CPG1 1226.0 1217.0
20110218 CPH1 1131.0 1123.0
20110218 CPJ1 1032.0 1031.0
20110218 CUH1 289000.0 283950.0
20110218 DSG1 21825.0 21802.0
20110218 EDH1 1.3713 1.3543
20110218 EDM1 1.3538 1.3538
20110218 EuH1 40026.0 39670.0
20110218 EuM1 40250.0 39980.0
20110218 GDH1 1394.9 1384.8
20110218 GDM1 1396.2 1388.4
20110218 GMH1 68400.0 66869.0
20110218 GMM1 68300.0 66890.0
20110218 GUH1 1.626 1.6149
20110218 GUM1 1.6214 1.6195
20110218 GZH1 19781.0 19472.0
20110218 GZM1 19906.0 19545.0
20110218 HYH1 15066.0 14600.0
20110218 HYM1 14970.0 14801.0
20110218 LKH1 19305.0 19101.0
20110218 LKM1 19492.0 18802.0
20110218 MPH1 4.18 4.18
20110218 MTH1 25509.0 25200.0
20110218 MTM1 24949.0 24949.0
20110218 NKH1 33332.0 30032.0
20110218 O2M1 10158.0 10154.0
20110218 O4M1 10273.0 10273.0
20110218 PDH1 858.3 844.45
20110218 PTH1 1846.0 1837.0
20110218 RIH1 185875.0 183435.0
20110218 RIM1 184000.0 181800.0
20110218 RNH1 25935.0 25423.0
20110218 RNM1 25503.0 25503.0
20110218 RSH1 11607.5 11470.0
20110218 RSM1 11520.0 11440.0
20110218 RoH1 218.5 216.5
20110218 SAH1 20.24 19.79
20110218 SAK1 18.87 18.87
20110218 SNH1 31823.0 31317.0
20110218 SPH1 7080.0 6903.0
20110218 SPM1 7040.0 7005.0
20110218 SRH1 10213.0 10015.0
20110218 SRM1 10261.0 10067.0
20110218 SVH1 32.77 31.59
20110218 SVM1 32.8 31.69
20110218 SiH1 29321.0 29194.0
20110218 SiH2 30593.0 30495.0
20110218 SiM1 29565.0 29453.0
20110218 SiZ1 30155.0 30120.0
20110218 TNH1 39312.0 38765.0
20110218 TTH1 16846.0 16519.0
20110218 UBG1 980.0 978.0
20110218 UPG1 1094.0 1091.0
20110218 UPH1 1025.0 1021.0
20110218 VBH1 9900.0 9580.0
20110218 VBM1 9923.0 9606.0
20110221 AUH1 1.0101 1.0051
20110221 BRH1 108.16 103.05
20110221 BRJ1 108.85 104.05
20110221 BRK1 108.0 104.32
20110221 CBG1 1102.0 1009.0
20110221 CHH1 53100.0 51630.0
20110221 CPG1 1293.0 1229.0
20110221 CPH1 1152.0 1128.0
20110221 CUH1 287550.0 284250.0
20110221 DSG1 21715.0 21673.0
20110221 EDH1 1.3705 1.3644
20110221 EDM1 1.375 1.362
20110221 EuH1 40000.0 39876.0
20110221 EuM1 40240.0 40220.0
20110221 GDH1 1411.1 1392.0
20110221 GDM1 1420.5 1399.0
20110221 GMH1 68999.0 66577.0
20110221 GMM1 68850.0 67059.0
20110221 GUH1 1.6247 1.6204
20110221 GZH1 20033.0 19545.0
20110221 GZM1 20069.0 19597.0
20110221 HYH1 14727.0 14553.0
20110221 LKH1 19740.0 19200.0
20110221 LKM1 19555.0 19086.0
20110221 MPH1 4.05 4.05
20110221 MTH1 25509.0 25344.0
20110221 MTM1 25000.0 24950.0
20110221 NKH1 33500.0 30239.0
20110221 NKM1 32999.0 32999.0
20110221 O2M1 10166.0 10161.0
20110221 PDH1 860.5 855.0
20110221 PTH1 1857.6 1842.0
20110221 RIH1 188075.0 184000.0
20110221 RIM1 186440.0 182500.0
20110221 RIU1 186000.0 185000.0
20110221 RNH1 26398.0 25327.0
20110221 RNM1 26710.0 25720.0
20110221 RSH1 11722.5 11470.0
20110221 SAH1 20.06 19.86
20110221 SAK1 19.0 18.65
20110221 SNH1 32999.0 31243.0
20110221 SNM1 32100.0 31200.0
20110221 SPH1 7040.0 6862.0
20110221 SPM1 7099.0 6940.0
20110221 SRH1 10232.0 10006.0
20110221 SRM1 10236.0 10057.0
20110221 SVH1 33.94 32.5
20110221 SVM1 34.12 33.0
20110221 SiH1 29278.0 29165.0
20110221 SiM1 29495.0 29420.0
20110221 SiU1 29777.0 29750.0
20110221 SiZ1 30115.0 30100.0
20110221 TNH1 40017.0 38779.0
20110221 TNM1 39650.0 39650.0
20110221 TTH1 16850.0 16691.0
20110221 TTM1 16205.0 16205.0
20110221 UBG1 1010.0 985.0
20110221 UPG1 1145.0 1123.0
20110221 UPH1 1098.0 1014.0
20110221 VBH1 9722.0 9543.0
20110221 VBM1 9958.0 9571.0
20110222 AUH1 1.0041 0.9945
20110222 BRH1 108.37 105.66
20110222 BRJ1 108.2 105.7
20110222 BRK1 109.28 101.45
20110222 CBG1 1102.0 1102.0
20110222 CHH1 52346.0 51125.0
20110222 CPG1 1289.0 1275.0
20110222 CPH1 1143.0 1091.0
20110222 CUH1 284400.0 277300.0
20110222 DSG1 21623.0 21543.0
20110222 EDH1 1.3697 1.3526
20110222 EDM1 1.364 1.3525
20110222 EuH1 40162.0 39695.0
20110222 EuM1 40310.0 40000.0
20110222 GDH1 1409.7 1396.5
20110222 GDM1 1410.5 1400.3
20110222 GMH1 68211.0 66701.0
20110222 GMM1 68082.0 67305.0
20110222 GUH1 1.622 1.6104
20110222 GUM1 1.613 1.613
20110222 GZH1 19900.0 19600.0
20110222 GZM1 19876.0 19492.0
20110222 HYH1 14611.0 14224.0
20110222 HYM1 14600.0 14450.0
20110222 LKH1 19800.0 19400.0
20110222 LKM1 19400.0 19100.0
20110222 MPU1 5.92 5.16
20110222 MPZ1 6.37 5.58
20110222 MTH1 25305.0 24983.0
20110222 MTM1 24615.0 24500.0
20110222 NKH1 33200.0 31000.0
20110222 O2M1 10166.0 10155.0
20110222 PDH1 857.0 801.6
20110222 PTH1 1847.3 1792.0
20110222 PTM1 1829.0 1805.0
20110222 QBG1 516.0 516.0
20110222 QBJ1 470.0 470.0
20110222 RIH1 186945.0 182875.0
20110222 RIM1 184905.0 181360.0
20110222 RIU1 183000.0 183000.0
20110222 RNH1 26610.0 26082.0
20110222 RNM1 26388.0 25819.0
20110222 RSH1 11668.5 11460.0
20110222 RoH1 217.7 216.5
20110222 SAH1 20.6 19.95
20110222 SAK1 19.15 18.82
20110222 SNH1 33500.0 31556.0
20110222 SNM1 32500.0 31800.0
20110222 SPH1 6940.0 6701.0
20110222 SPM1 6990.0 6720.0
20110222 SRH1 10059.0 9753.0
20110222 SRM1 10067.0 9772.0
20110222 SVH1 33.68 32.37
20110222 SVM1 33.52 32.47
20110222 SiH1 29371.0 29205.0
20110222 SiH2 30685.0 30685.0
20110222 SiM1 29600.0 29476.0
20110222 SiU1 29850.0 29850.0
20110222 SiU5 36500.0 36500.0
20110222 SiZ1 30180.0 30180.0
20110222 TNH1 39804.0 38819.0
20110222 TTH1 17278.0 16711.0
20110222 UPG1 1149.0 1138.0
20110222 UPH1 1028.0 1017.0
20110222 VBH1 9570.0 9269.0
20110222 VBM1 9581.0 9320.0
20110224 AUH1 1.0101 1.0
20110224 BRH1 119.3 106.44
20110224 BRJ1 118.35 107.2
20110224 BRK1 114.14 103.68
20110224 CBG1 1124.0 1103.0
20110224 CBH1 1040.0 1010.0
20110224 CHH1 51639.0 49652.0
20110224 CPG1 1309.0 1296.0
20110224 CPH1 1150.0 1138.0
20110224 CUH1 277050.0 270550.0
20110224 DSG1 22300.0 21450.0
20110224 DSH1 22222.0 22222.0
20110224 EDH1 1.3818 1.367
20110224 EDM1 1.3795 1.37
20110224 EuH1 40198.0 39982.0
20110224 EuM1 40460.0 40310.0
20110224 GDH1 1422.0 1392.0
20110224 GDM1 1426.0 1400.0
20110224 GMH1 67123.0 65122.0
20110224 GMM1 66159.0 64183.0
20110224 GUH1 1.6211 1.6101
20110224 GUM1 1.6185 1.6185
20110224 GZH1 20989.0 19700.0
20110224 GZM1 20893.0 19793.0
20110224 HYH1 14492.0 14160.0
20110224 LKH1 20267.0 19401.0
20110224 LKM1 19900.0 19300.0
20110224 MTH1 24700.0 24401.0
20110224 MTM1 24170.0 24170.0
20110224 NKH1 33588.0 33000.0
20110224 NKM1 33000.0 33000.0
20110224 O2M1 10164.0 10164.0
20110224 O4M1 10267.0 10267.0
20110224 PDH1 804.0 767.21
20110224 PTH1 1791.2 1775.1
20110224 PTM1 1806.0 1798.0
20110224 RIH1 188725.0 183000.0
20110224 RIM1 187195.0 181550.0
20110224 RIU1 189000.0 185860.0
20110224 RNH1 27529.0 26408.0
20110224 RNM1 27500.0 25900.0
20110224 RSH1 11752.0 11450.0
20110224 RSM1 11582.5 11580.0
20110224 RoH1 231.4 217.9
20110224 SAH1 19.97 19.15
20110224 SAK1 18.59 17.91
20110224 SNH1 33231.0 31500.0
20110224 SNM1 33299.0 32099.0
20110224 SPH1 6820.0 6596.0
20110224 SPM1 6818.0 6571.0
20110224 SRH1 9839.0 9579.0
20110224 SRM1 9840.0 9620.0
20110224 SVH1 33.71 31.72
20110224 SVM1 33.77 31.88
20110224 SiH1 29312.0 29006.0
20110224 SiH2 30482.0 30384.0
20110224 SiM1 29520.0 29201.0
20110224 SiU1 29745.0 29540.0
20110224 SiU5 36000.0 36000.0
20110224 SiZ1 30085.0 29945.0
20110224 TNH1 39339.0 38701.0
20110224 TTH1 17490.0 17200.0
20110224 UBG1 1015.0 1015.0
20110224 UBH1 965.0 950.0
20110224 UPG1 1153.0 1153.0
20110224 UPH1 1052.0 1024.0
20110224 VBH1 9600.0 9281.0
20110224 VBM1 9548.0 9341.0
20110224 WBG1 579.0 579.0
20110224 WBH1 523.0 523.0
20110225 AUH1 1.0111 1.0101
20110225 BRH1 113.88 110.79
20110225 BRJ1 113.5 112.5
20110225 CBG1 1127.0 1124.0
20110225 CHH1 51100.0 50300.0
20110225 CPH1 1143.0 1140.0
20110225 CUH1 277450.0 277050.0
20110225 EDH1 1.3833 1.381
20110225 EDM1 1.3809 1.3807
20110225 EuH1 40116.0 39996.0
20110225 GDH1 1411.3 1400.9
20110225 GDM1 1416.4 1405.0
20110225 GMH1 67406.0 65799.0
20110225 GUH1 1.6156 1.6124
20110225 GZH1 21020.0 20771.0
20110225 GZM1 20910.0 20777.0
20110225 HYH1 14600.0 14477.0
20110225 LKH1 20120.0 19879.0
20110225 LKM1 19700.0 19677.0
20110225 MPM1 5.0 5.0
20110225 MTM1 24250.0 24250.0
20110225 PDH1 785.0 780.0
20110225 PTH1 1800.4 1787.0
20110225 RIH1 189450.0 187505.0
20110225 RIM1 188740.0 186700.0
20110225 RIU1 188000.0 188000.0
20110225 RNH1 27600.0 27240.0
20110225 RSH1 11783.0 11716.5
20110225 RSM1 11850.0 11837.5
20110225 SNH1 33100.0 32810.0
20110225 SPH1 6850.0 6776.0
20110225 SPM1 6982.0 6782.0
20110225 SRH1 9902.0 9788.0
20110225 SRM1 9908.0 9820.0
20110225 SVH1 32.9 32.0
20110225 SVM1 32.94 31.98
20110225 SiH1 29014.0 28944.0
20110225 SiH2 30294.0 30294.0
20110225 SiM1 29252.0 29200.0
20110225 SiU1 29555.0 29510.0
20110225 SiZ1 29855.0 29855.0
20110225 TNH1 39160.0 39155.0
20110225 UPG1 1150.0 1066.0
20110225 UPH1 1049.0 1042.0
20110225 VBH1 9663.0 9523.0
20110225 VBM1 9751.0 9600.0
